3,
8,
10,
14,
18,
20,
24,
28,
30,
34,
37,
44,
46,
51,
55,
63,
66,
73,
76,
82,
83,
96,
97,
99,
102,
104,
107,
111,
137,
140,
149,
152,
158,
161,
165,
181,
194,
200,
206,
228,
238,
244,
245,
248,
249,
250,
254,
259,
262,
273,
278,
280,
282,
287,
288,
296,
304,
308,
311,
314,
317,
322,
324,
325,
328,
329,
333,
337,
342,
343,
346,
351,
359,
360,
361,
362,
373,
378,
379,
381,
383,
390,
394,
406,
411,
412,
414,
428,
430,
437,
439,
446,
454,
456,
460,
464,
465,
474,
479,
487,
488,
491,
498,
499,
500,
509,
518,
520,
535,
546,
556,
561,
564,
566,
572,
574,
579,
587,
590,
595,
596,
611,
624,
631,
634,
636,
655,
657,
661,
664,
667,
672,
708,
710,
711,
716,
723,
725,
729,
747,
756,
757,
758,
762,
768,
781,
792,
802,
807,
814,
817,
822,
826,
828,
832,
839,
847,
850,
854,
855,
859,
884,
890,
891,
892,
895,
902
903
904
905
906
907
909
913
915
918
923
930
932
941
945
948
950
953
959
963
964
972
975
982
992
996
999
1003
1004
1012
1016
1019
1023
1026
1035
1037
1043
1048
1050
1052
1059
1061
1062
1071
1078
1080
1091
1096
1098
1101
1104
1105
1111
1123

1128
1132
1145
1147
1149
1152